2.50000000000E-01 7.46820406979E+00 1.50370116648E-02 7.36042909487E+00 1.62935473366E-02 7.35750213088E+00 1.49372138929E-02 
2.44256000000E-01 7.48003209655E+00 1.51419565380E-02 7.36553506704E+00 1.73810715044E-02 7.37230520481E+00 1.73341217623E-02 
2.38513000000E-01 7.45614352109E+00 1.54309814595E-02 7.37070939320E+00 1.85425681891E-02 7.38367050344E+00 1.28965001579E-02 
2.32769000000E-01 7.42825883798E+00 1.48077516101E-02 7.37891370281E+00 1.50355346357E-02 7.37816600709E+00 1.59842872074E-02 
2.27026000000E-01 7.44480115208E+00 1.40206611679E-02 7.35131631134E+00 1.58676237703E-02 7.36758763492E+00 1.61532079880E-02 
2.21282000000E-01 7.49929127199E+00 1.72810849285E-02 7.39657860447E+00 1.70650625319E-02 7.34667464803E+00 1.86595001768E-02 
2.15538000000E-01 7.44633608844E+00 1.47680759469E-02 7.36262108095E+00 1.73230731151E-02 7.36657295151E+00 1.65687561655E-02 
2.09795000000E-01 7.46529194340E+00 1.47744523314E-02 7.38550224685E+00 1.96673086777E-02 7.40667221208E+00 1.50350575128E-02 
2.04051000000E-01 7.48558125387E+00 1.45578967998E-02 7.41588248535E+00 1.56223647223E-02 7.43107707268E+00 1.63066842606E-02 
1.98308000000E-01 7.47317960905E+00 1.45352259195E-02 7.39049005634E+00 9.12772991828E-03 7.39943745071E+00 1.04830749781E-02 
1.92564000000E-01 7.49088793535E+00 1.46952300031E-02 7.41905460697E+00 1.70854881612E-02 7.39051970350E+00 1.42400564775E-02 
1.86821000000E-01 7.48258317495E+00 1.64408383909E-02 7.43983933499E+00 1.68225559645E-02 7.42066564405E+00 1.64388134939E-02 
1.81077000000E-01 7.49498287232E+00 1.49617849318E-02 7.41911187165E+00 1.98083572343E-02 7.43875589595E+00 1.82191620797E-02 
1.75333000000E-01 7.54647800955E+00 1.45666081179E-02 7.47411721836E+00 1.60252758100E-02 7.48724376001E+00 1.66658386290E-02 
1.69590000000E-01 7.57839733774E+00 1.46782732976E-02 7.51187193862E+00 1.63306551288E-02 7.53050038810E+00 1.50331952959E-02 
1.63846000000E-01 7.59774631285E+00 1.27307386175E-02 7.53759760777E+00 1.53297266674E-02 7.52244150981E+00 1.17768675305E-02 
1.58103000000E-01 7.65957277583E+00 1.42186702554E-02 7.58041192852E+00 1.42829880617E-02 7.60484807465E+00 1.46673491124E-02 
1.52359000000E-01 7.66229519696E+00 1.49342550449E-02 7.63175498650E+00 1.63150078426E-02 7.63662016107E+00 1.60033425167E-02 
1.46615000000E-01 7.75780575543E+00 1.28801168719E-02 7.71908305596E+00 1.58343990406E-02 7.70370105852E+00 1.52157791380E-02 
1.40872000000E-01 7.82714715581E+00 1.30192840482E-02 7.81891062618E+00 1.46879724830E-02 7.80221152088E+00 1.50590389519E-02 
1.35128000000E-01 7.88986167045E+00 1.40589507230E-02 7.85241316943E+00 1.57995991664E-02 7.86255285394E+00 1.60061451319E-02 
1.29385000000E-01 7.98193255338E+00 1.29478024650E-02 7.96560917428E+00 1.43495927364E-02 7.95825109779E+00 1.49761675893E-02 
1.23641000000E-01 8.08247330058E+00 1.47120619287E-02 8.06226454584E+00 1.42651175346E-02 8.06295911078E+00 1.52440163108E-02 
1.17897000000E-01 8.18914566513E+00 1.13675198278E-02 8.17427523927E+00 1.20133036958E-02 8.17600024744E+00 1.19911123084E-02 
1.12154000000E-01 8.31666051535E+00 1.43997263119E-02 8.31696781893E+00 1.55462769129E-02 8.29521559821E+00 1.57529550680E-02 
1.06410000000E-01 8.40782706575E+00 1.16643869859E-02 8.43403156429E+00 1.07736752987E-02 8.41125492576E+00 1.25611843356E-02 
1.00667000000E-01 8.54018927498E+00 1.18258304736E-02 8.53784765221E+00 1.49518066486E-02 8.51621827980E+00 1.40811907077E-02 
9.49230000000E-02 8.67867357331E+00 1.05501496158E-02 8.66221423516E+00 9.92344035524E-03 8.67062641590E+00 1.05327213069E-02 
8.91790000000E-02 8.81004415824E+00 1.09290408513E-02 8.79957011353E+00 1.04331784084E-02 8.81292803417E+00 9.43795597256E-03 
8.34360000000E-02 8.92401065999E+00 1.04610156190E-02 8.95950432007E+00 1.28120892849E-02 8.94864549206E+00 1.12530432274E-02 
7.76920000000E-02 9.06029599590E+00 1.12903155382E-02 9.05921017805E+00 1.47694191107E-02 9.03980506785E+00 1.28120748940E-02 
7.19490000000E-02 9.19089610157E+00 8.51059638318E-03 9.17817638808E+00 1.10387816988E-02 9.18939834290E+00 1.27708860835E-02 
6.62050000000E-02 9.29908402867E+00 8.63531220553E-03 9.29411149860E+00 8.65113052037E-03 9.29002611586E+00 8.59462165400E-03 
6.04620000000E-02 9.41845717005E+00 9.71011218542E-03 9.42951195969E+00 1.21352815588E-02 9.43725516455E+00 8.23269678562E-03 
5.47180000000E-02 9.53846625535E+00 7.66341351842E-03 9.53944939909E+00 8.78728296992E-03 9.54040667517E+00 8.89880147017E-03 
4.89740000000E-02 9.63772814234E+00 6.15463282916E-03 9.62851288255E+00 7.05164754848E-03 9.62282241348E+00 6.46432155957E-03 
4.32310000000E-02 9.76207719167E+00 8.00071262982E-03 9.75981766047E+00 1.17888342772E-02 9.77012168271E+00 9.42138302633E-03 
3.74870000000E-02 9.84268211749E+00 1.61676479986E-02 9.84395291106E+00 1.41643437734E-02 9.84299603056E+00 1.18254985947E-02 
3.17440000000E-02 1.00474911780E+01 1.33113931800E-02 1.00277235373E+01 1.25405388536E-02 1.00023827528E+01 1.78600273598E-02 
2.60000000000E-02 1.02561210293E+01 1.77185513658E-02 1.02610385317E+01 2.23027927301E-02 1.02441847825E+01 1.92438097987E-02 
