2.500000000000000000e-01 5.957541494921884118e-01
2.442560000000000009e-01 5.950184825526004806e-01
2.385130000000000028e-01 5.953719953918840124e-01
2.327690000000000037e-01 5.957425276814651838e-01
2.270260000000000056e-01 5.948519313325603131e-01
2.212820000000000065e-01 5.924800146989084304e-01
2.155380000000000074e-01 5.935809254740226359e-01
2.097950000000000093e-01 5.923023419912185616e-01
2.040510000000000101e-01 5.908476223287592033e-01
1.983080000000000120e-01 5.905882195685019376e-01
1.925640000000000129e-01 5.885073032344907418e-01
1.868209999999999871e-01 5.880120164789107706e-01
1.810769999999999880e-01 5.865240120130930102e-01
1.753329999999999889e-01 5.837462674325282208e-01
1.695899999999999908e-01 5.808307440203536176e-01
1.638459999999999916e-01 5.781485178547006720e-01
1.581029999999999935e-01 5.749127518572219042e-01
1.523589999999999944e-01 5.727413341014806480e-01
1.466149999999999953e-01 5.677189882849243974e-01
1.408719999999999972e-01 5.632193057915484413e-01
1.351279999999999981e-01 5.583983586584144732e-01
1.293850000000000000e-01 5.526135716381403995e-01
1.236410000000000009e-01 5.463339049773944245e-01
1.178970000000000018e-01 5.390435444930710140e-01
1.121540000000000037e-01 5.319791612839137596e-01
1.064100000000000046e-01 5.255134261545030272e-01
1.006670000000000065e-01 5.169668142326167004e-01
9.492299999999999349e-02 5.086047213529748534e-01
8.917899999999999439e-02 4.999046947365616833e-01
8.343599999999999628e-02 4.921346401800096304e-01
7.769199999999999717e-02 4.823707880169047502e-01
7.194899999999999907e-02 4.742194371331336367e-01
6.620499999999999996e-02 4.657011915176225703e-01
6.046200000000000185e-02 4.574205358174135427e-01
5.471800000000000275e-02 4.487224815183575299e-01
4.897399999999999670e-02 4.401173567470613168e-01
4.323099999999999860e-02 4.318790160666112210e-01
3.748699999999999949e-02 4.234515235237796271e-01
3.174400000000000138e-02 4.125399226522883933e-01
2.599999999999999881e-02 4.035896008651635447e-01
