2.500000000000000139e-02 1.574406618843096595e-04
5.000000000000000278e-02 6.178986182272726236e-04
7.500000000000001110e-02 1.347529152210187901e-03
1.000000000000000056e-01 2.295265302073331952e-03
1.250000000000000000e-01 3.399510241377421207e-03
1.500000000000000222e-01 4.595463631615573363e-03
1.750000000000000167e-01 5.821902477314713255e-03
2.000000000000000111e-01 7.026575451695419097e-03
2.250000000000000056e-01 8.169752853179550189e-03
2.500000000000000000e-01 9.225797694228158458e-03
2.500000000000000000e-01 9.291039105200871520e-03
5.000000000000000000e-01 1.610037983285879729e-02
7.500000000000000000e-01 2.020573724440423782e-02
1.000000000000000000e+00 2.291279523418607994e-02
1.250000000000000000e+00 2.516932077247696284e-02
1.500000000000000000e+00 2.692228640892989702e-02
1.750000000000000000e+00 2.837190174233089265e-02
2.000000000000000000e+00 2.963101672684411228e-02
2.250000000000000000e+00 3.072885566939165258e-02
2.500000000000000000e+00 3.164496549284557397e-02
2.500000000000000000e+00 3.285749543265140821e-02
5.000000000000000000e+00 3.882025026215953772e-02
7.500000000000000000e+00 4.119423644890369413e-02
1.000000000000000000e+01 4.241959624749037927e-02
1.250000000000000000e+01 4.310303561058519833e-02
1.500000000000000000e+01 4.359868409045048604e-02
1.750000000000000000e+01 4.456618762753001423e-02
2.000000000000000000e+01 4.488148393827923188e-02
2.250000000000000000e+01 4.452087723442234996e-02
2.500000000000000000e+01 4.479156672467980022e-02
2.500000000000000000e+01 4.587082321327224516e-02
5.000000000000000000e+01 4.438748763001446052e-02
7.500000000000000000e+01 4.579260839586849624e-02
1.000000000000000000e+02 4.837515080396261047e-02
1.250000000000000000e+02 4.463929081465778381e-02
1.500000000000000000e+02 4.863567876660708500e-02
1.750000000000000000e+02 4.752010667711878411e-02
2.000000000000000000e+02 4.874154834451951274e-02
2.250000000000000000e+02 5.043180785790272319e-02
2.500000000000000000e+02 5.006663046908984421e-02
2.750000000000000000e+02 5.121447775733285745e-02
3.000000000000000000e+02 5.088752048936569933e-02
3.250000000000000000e+02 5.132928368102423339e-02
3.500000000000000000e+02 5.248338598178011599e-02
3.750000000000000000e+02 5.280192110730571459e-02
4.000000000000000000e+02 5.349894566136424029e-02
4.250000000000000000e+02 5.376690946264558318e-02
4.500000000000000000e+02 5.441540461875017665e-02
4.750000000000000000e+02 5.476120906287734735e-02
5.000000000000000000e+02 5.512533278806403675e-02
5.250000000000000000e+02 5.616350075517419216e-02
5.500000000000000000e+02 5.654101227769692956e-02
5.750000000000000000e+02 5.687697840769234681e-02
6.000000000000000000e+02 5.748427903840355041e-02
6.250000000000000000e+02 5.750186195171387571e-02
6.500000000000000000e+02 5.868391745929256442e-02
6.750000000000000000e+02 5.889498315173401916e-02
7.000000000000000000e+02 5.941085424034055207e-02
7.250000000000000000e+02 6.020122104501935550e-02
7.500000000000000000e+02 5.978950932173297816e-02
7.750000000000000000e+02 6.080099769614497746e-02
8.000000000000000000e+02 6.131458807679802253e-02
8.250000000000000000e+02 6.176202031980326801e-02
8.500000000000000000e+02 6.263059124924151566e-02
8.750000000000000000e+02 6.237512051228170928e-02
9.250000000000000000e+02 6.354734090715943862e-02
9.500000000000000000e+02 6.390692225900543311e-02
9.750000000000000000e+02 6.480375614244507365e-02
1.000000000000000000e+03 6.497475125248503014e-02
1.025000000000000000e+03 6.554891409289839710e-02
1.075000000000000000e+03 6.649137325242096552e-02
1.100000000000000000e+03 6.680813767135480863e-02
1.125000000000000000e+03 6.750426048339765173e-02
1.175000000000000000e+03 6.837776543657932138e-02
1.200000000000000000e+03 6.896316887592636447e-02
1.250000000000000000e+03 6.985903655341912932e-02
1.275000000000000000e+03 7.064462421228343003e-02
1.325000000000000000e+03 7.107804028375169780e-02
1.350000000000000000e+03 7.179645659054673112e-02
1.400000000000000000e+03 7.283496676308121032e-02
1.450000000000000000e+03 7.353041370120441678e-02
1.500000000000000000e+03 7.364149389666402312e-02
1.525000000000000000e+03 7.460190890485771109e-02
1.575000000000000000e+03 7.514396600084256861e-02
1.625000000000000000e+03 7.609379945131411471e-02
1.675000000000000000e+03 7.670739739511393818e-02
1.725000000000000000e+03 7.751846889140447117e-02
1.775000000000000000e+03 7.830021357088420841e-02
1.850000000000000000e+03 7.974357366793516366e-02
1.900000000000000000e+03 7.969409044900546690e-02
1.950000000000000000e+03 8.022994071784059211e-02
2.025000000000000000e+03 8.140595994835730931e-02
2.075000000000000000e+03 8.182912979480067017e-02
2.150000000000000000e+03 8.295607646111967381e-02
2.200000000000000000e+03 8.320257001824674092e-02
2.275000000000000000e+03 8.433971692136220388e-02
2.350000000000000000e+03 8.547282641940202874e-02
2.425000000000000000e+03 8.709209442803117485e-02
2.500000000000000000e+03 8.774675244722056344e-02
2.575000000000000000e+03 8.857151029728693725e-02
2.650000000000000000e+03 9.000004301268486884e-02
2.725000000000000000e+03 9.096256324359926204e-02
2.800000000000000000e+03 9.215973082972309105e-02
2.900000000000000000e+03 9.276831175192706835e-02
2.975000000000000000e+03 9.403226158250609090e-02
3.075000000000000000e+03 9.472743400431561656e-02
3.175000000000000000e+03 9.592640444523009569e-02
3.275000000000000000e+03 9.741080192491574641e-02
3.375000000000000000e+03 9.841442213716872223e-02
3.475000000000000000e+03 9.955747083351433602e-02
3.575000000000000000e+03 1.008183498659046967e-01
3.700000000000000000e+03 1.020186561252752339e-01
3.800000000000000000e+03 1.040247370338370503e-01
3.925000000000000000e+03 1.047820634671792206e-01
4.050000000000000000e+03 1.063501719999943168e-01
4.175000000000000000e+03 1.074722237025363958e-01
4.300000000000000000e+03 1.094275282707623809e-01
4.425000000000000000e+03 1.106038736598333461e-01
4.550000000000000000e+03 1.118641958805834946e-01
4.700000000000000000e+03 1.143231205927232041e-01
4.850000000000000000e+03 1.152910308061664973e-01
5.000000000000000000e+03 1.163827766830315136e-01
5.150000000000000000e+03 1.185890111776447819e-01
5.300000000000000000e+03 1.192783071212890483e-01
5.475000000000000000e+03 1.209904305023324494e-01
5.625000000000000000e+03 1.227080568281512934e-01
5.800000000000000000e+03 1.242804237678717116e-01
5.975000000000000000e+03 1.248554352037786752e-01
6.175000000000000000e+03 1.261789451502715320e-01
6.350000000000000000e+03 1.275861526069862750e-01
6.550000000000000000e+03 1.281790932452445131e-01
6.750000000000000000e+03 1.307317978245304546e-01
6.950000000000000000e+03 1.323949535574518999e-01
7.175000000000000000e+03 1.340681911193435660e-01
7.400000000000000000e+03 1.357777852986321310e-01
7.625000000000000000e+03 1.370123043541845720e-01
7.850000000000000000e+03 1.392717387978063825e-01
8.075000000000000000e+03 1.410858563140376942e-01
8.325000000000000000e+03 1.435030161992501829e-01
8.600000000000000000e+03 1.450106074442504001e-01
8.850000000000000000e+03 1.467084622839539831e-01
9.125000000000000000e+03 1.485033190295473315e-01
9.400000000000000000e+03 1.468456873322517564e-01
9.700000000000000000e+03 1.465988759384850293e-01
