2.500000000000000139e-02 6.523254930698104987e-04
5.000000000000000278e-02 2.527763790314136328e-03
7.500000000000001110e-02 5.407437798998540254e-03
1.000000000000000056e-01 8.996692613332968325e-03
1.250000000000000000e-01 1.299194151495446613e-02
1.500000000000000222e-01 1.713167729479585927e-02
1.750000000000000167e-01 2.122486472521234804e-02
2.000000000000000111e-01 2.515788110699267513e-02
2.250000000000000056e-01 2.888591689332901252e-02
2.500000000000000000e-01 3.241576831931478747e-02
2.500000000000000000e-01 3.236542459978511421e-02
5.000000000000000000e-01 6.362238871629695425e-02
7.500000000000000000e-01 9.150322536387517358e-02
1.000000000000000000e+00 1.186536590012564618e-01
1.250000000000000000e+00 1.455610728199102644e-01
1.500000000000000000e+00 1.724898692999911054e-01
1.750000000000000000e+00 1.993711497268181032e-01
2.000000000000000000e+00 2.262208741030170278e-01
2.250000000000000000e+00 2.531574718895333587e-01
2.500000000000000000e+00 2.801134064934827084e-01
2.500000000000000000e+00 2.827282148493905356e-01
5.000000000000000000e+00 5.646599210299124705e-01
7.500000000000000000e+00 8.558399031607295537e-01
1.000000000000000000e+01 1.154244677859445734e+00
1.250000000000000000e+01 1.459105152489279522e+00
1.500000000000000000e+01 1.773786731024370233e+00
1.750000000000000000e+01 2.092661246578749967e+00
2.000000000000000000e+01 2.416872351127923313e+00
2.250000000000000000e+01 2.745191544854600707e+00
2.500000000000000000e+01 3.074975005129552130e+00
2.750000000000000000e+01 3.409112291068177480e+00
3.000000000000000000e+01 3.748494984238611938e+00
3.250000000000000000e+01 4.091589429552282553e+00
3.500000000000000000e+01 4.436663814958708763e+00
3.750000000000000000e+01 4.782832283880010138e+00
4.000000000000000000e+01 5.131475178360589418e+00
4.250000000000000000e+01 5.486574049269162145e+00
4.500000000000000000e+01 5.846333398849995255e+00
4.750000000000000000e+01 6.208850451451945140e+00
5.000000000000000000e+01 6.573473423558666262e+00
5.250000000000000000e+01 6.939886681539930713e+00
5.500000000000000000e+01 7.308349280701047057e+00
5.750000000000000000e+01 7.681331738711792312e+00
6.000000000000000000e+01 8.057105647944950988e+00
6.250000000000000000e+01 8.434958961261880717e+00
6.500000000000000000e+01 8.813052784608959911e+00
6.750000000000000000e+01 9.191864067579578190e+00
7.000000000000000000e+01 9.571841792781297542e+00
7.250000000000000000e+01 9.953840208466617767e+00
7.500000000000000000e+01 1.033775131776144285e+01
7.750000000000000000e+01 1.072197716503639420e+01
8.000000000000000000e+01 1.110703888816636642e+01
8.250000000000000000e+01 1.149451808088478622e+01
8.500000000000000000e+01 1.188283254058697480e+01
8.750000000000000000e+01 1.227282967724146978e+01
9.250000000000000000e+01 1.305481485564953736e+01
9.500000000000000000e+01 1.344581892193943062e+01
9.750000000000000000e+01 1.383808640308768467e+01
1.000000000000000000e+02 1.423216165111872833e+01
1.025000000000000000e+02 1.462740538431541104e+01
1.075000000000000000e+02 1.541788716829589490e+01
1.100000000000000000e+02 1.581399312782021127e+01
1.125000000000000000e+02 1.621113706308370439e+01
1.175000000000000000e+02 1.700985999584061403e+01
1.200000000000000000e+02 1.741053633950646429e+01
1.250000000000000000e+02 1.821377507663259010e+01
1.275000000000000000e+02 1.861595900970609208e+01
1.325000000000000000e+02 1.942477942597341212e+01
1.350000000000000000e+02 1.982915431018679087e+01
1.400000000000000000e+02 2.063628190782290162e+01
1.450000000000000000e+02 2.144268732425778978e+01
1.500000000000000000e+02 2.224693913636992448e+01
1.525000000000000000e+02 2.264805000746956765e+01
1.575000000000000000e+02 2.344829929137449298e+01
1.625000000000000000e+02 2.424717765833313621e+01
1.675000000000000000e+02 2.504307828019842219e+01
1.725000000000000000e+02 2.583632990709636346e+01
1.775000000000000000e+02 2.663032766596851886e+01
1.850000000000000000e+02 2.782287941485504490e+01
1.900000000000000000e+02 2.862481629922076820e+01
1.950000000000000000e+02 2.942296439725784296e+01
2.025000000000000000e+02 3.061349182800101687e+01
2.075000000000000000e+02 3.140316183938309536e+01
2.150000000000000000e+02 3.258537380441104858e+01
2.200000000000000000e+02 3.337148050873053506e+01
2.275000000000000000e+02 3.454279575136764180e+01
2.350000000000000000e+02 3.571898672618300452e+01
2.425000000000000000e+02 3.689859715951307351e+01
2.500000000000000000e+02 3.808904681920266455e+01
2.575000000000000000e+02 3.928401060355762553e+01
2.650000000000000000e+02 4.047895666591745822e+01
2.725000000000000000e+02 4.167610082933580173e+01
2.800000000000000000e+02 4.287946136982432677e+01
2.900000000000000000e+02 4.449254067916311328e+01
2.975000000000000000e+02 4.570561877374152715e+01
3.075000000000000000e+02 4.731580913516010867e+01
3.175000000000000000e+02 4.891152608883663078e+01
3.275000000000000000e+02 5.048842686438066352e+01
3.375000000000000000e+02 5.206081158997384506e+01
3.475000000000000000e+02 5.362969895039075396e+01
3.575000000000000000e+02 5.519508541520145428e+01
3.700000000000000000e+02 5.713274998517440650e+01
3.800000000000000000e+02 5.866232751388367461e+01
3.925000000000000000e+02 6.057453194459658619e+01
4.050000000000000000e+02 6.246997275542369010e+01
4.175000000000000000e+02 6.434410221210019643e+01
4.300000000000000000e+02 6.618885044041448396e+01
4.425000000000000000e+02 6.800940334604422333e+01
4.550000000000000000e+02 6.977434047276841511e+01
4.700000000000000000e+02 7.187776080301080128e+01
4.850000000000000000e+02 7.397453789394248247e+01
5.000000000000000000e+02 7.604658185120074165e+01
5.150000000000000000e+02 7.811118241627518444e+01
5.300000000000000000e+02 8.014083012352980973e+01
5.475000000000000000e+02 8.247035468528227398e+01
5.625000000000000000e+02 8.446901669421120573e+01
5.800000000000000000e+02 8.686731384779074006e+01
5.975000000000000000e+02 8.923008722082940380e+01
6.175000000000000000e+02 9.183482675564452791e+01
6.350000000000000000e+02 9.411470943446582282e+01
6.550000000000000000e+02 9.676207272401761372e+01
6.750000000000000000e+02 9.932702703366062735e+01
6.950000000000000000e+02 1.018684963277751478e+02
7.175000000000000000e+02 1.045724963356892374e+02
7.400000000000000000e+02 1.071635708788466985e+02
7.625000000000000000e+02 1.095958812727337062e+02
7.850000000000000000e+02 1.121126842177294094e+02
8.075000000000000000e+02 1.147794399864598063e+02
8.325000000000000000e+02 1.177937586991276504e+02
8.600000000000000000e+02 1.214056457638278061e+02
8.850000000000000000e+02 1.248550914586207057e+02
9.125000000000000000e+02 1.288566339958626088e+02
9.400000000000000000e+02 1.331979595865547026e+02
9.700000000000000000e+02 1.389708892842633077e+02
