3.166666666666666963e+00 5.464986870772026606e+00
3.555555555555555358e+00 7.315473505831889156e+00
3.944444444444444642e+00 1.089074997147565682e+01
4.000000000000000000e+00 1.309914327092813835e+01
4.263157894736842479e+00 1.414301267029604503e+01
4.333333333333333925e+00 1.671354715734615937e+01
4.526315789473684070e+00 2.182355947853047340e+01
4.722222222222222321e+00 2.770195439706371943e+01
4.789473684210526550e+00 2.975750681234152850e+01
5.052631578947368141e+00 4.047339812780531076e+01
5.111111111111110716e+00 4.542965061817822914e+01
5.315789473684210620e+00 7.222339092259426252e+01
5.500000000000000000e+00 8.844130523721624115e+01
5.656250000000000000e+00 1.180346905198657197e+02
5.812499999999999112e+00 1.717509688184170784e+02
5.968750000000000000e+00 2.318865606612665999e+02
6.125000000000000888e+00 3.712418837515989480e+02
6.281250000000000000e+00 4.549405182759934974e+02
6.437500000000000888e+00 7.342058765230046902e+02
6.593749999999999112e+00 9.433306767683149019e+02
6.750000000000000000e+00 1.259010488762924751e+03
6.906249999999999112e+00 2.478822290418178454e+03
7.062500000000000000e+00 3.333300023189139210e+03
7.218750000000000000e+00 5.301140879522336945e+03
7.375000000000000000e+00 8.906285386839552302e+03
7.531250000000000000e+00 1.187148511967399827e+04
7.687499999999999112e+00 2.224363805297877843e+04
7.843750000000000000e+00 3.758605898805192555e+04
8.000000000000000000e+00 6.740239091113962058e+04
1.000000000000000000e+00 1.114057286643244771e+00
1.259259259259259300e+00 1.463043838536842500e+00
1.518518518518518601e+00 1.810502368576872190e+00
1.777777777777777679e+00 2.319605675996848859e+00
2.037037037037037202e+00 2.834055689964750435e+00
2.296296296296296724e+00 3.268961318699008967e+00
2.555555555555555802e+00 4.194558767328305571e+00
2.814814814814814881e+00 5.094191275852067768e+00
3.074074074074073959e+00 6.134345925845012815e+00
3.333333333333333481e+00 7.878635316914490261e+00
